 2010    1   2010.0417      388.91      388.62     30    0.92    0.32
 2010    2   2010.1250      390.41      389.47     20    1.31    0.56
 2010    3   2010.2083      391.37      389.85     25    1.05    0.40
 2010    4   2010.2917      392.67      390.12     26    0.65    0.24
 2010    5   2010.3750      393.21      390.09     29    0.65    0.23
 2010    6   2010.4583      392.38      390.10     28    0.42    0.15
 2010    7   2010.5417      390.41      389.93     29    0.47    0.17
 2010    8   2010.6250      388.54      390.21     26    0.41    0.16
 2010    9   2010.7083      387.03      390.32     29    0.55    0.19
 2010   10   2010.7917      387.43      390.72     31    0.27    0.09
 2010   11   2010.8750      388.87      390.99     29    0.42    0.15
 2010   12   2010.9583      389.99      390.80     29    0.47    0.17
 2011    1   2011.0417      391.50      391.20     29    0.88    0.31
 2011    2   2011.1250      392.05      391.12     28    0.47    0.17
 2011    3   2011.2083      392.80      391.28     29    0.97    0.35
 2011    4   2011.2917      393.44      390.84     28    0.73    0.26
 2011    5   2011.3750      394.41      391.24     29    0.93    0.33
 2011    6   2011.4583      393.95      391.65     28    0.45    0.16
 2011    7   2011.5417      392.72      392.24     26    0.71    0.26
 2011    8   2011.6250      390.33      392.03     27    0.42    0.15
 2011    9   2011.7083      389.28      392.60     26    0.31    0.12
 2011   10   2011.7917      389.19      392.52     30    0.17    0.06
 2011   11   2011.8750      390.48      392.63     28    0.26    0.10
 2011   12   2011.9583      392.06      392.86     26    0.37    0.14
 2012    1   2012.0417      393.31      393.08     30    0.77    0.27
 2012    2   2012.1250      394.04      393.21     26    1.19    0.45
 2012    3   2012.2083      394.59      393.00     30    0.63    0.22
 2012    4   2012.2917      396.38      393.65     29    0.59    0.21
 2012    5   2012.3750      396.93      393.73     30    0.50    0.17
 2012    6   2012.4583      395.91      393.64     28    0.59    0.21
 2012    7   2012.5417      394.56      394.12     26    0.30    0.11
 2012    8   2012.6250      392.59      394.36     30    0.52    0.18
 2012    9   2012.7083      391.32      394.74     26    0.42    0.16
 2012   10   2012.7917      391.27      394.63     28    0.23    0.08
 2012   11   2012.8750      393.20      395.24     29    0.53    0.19
 2012   12   2012.9583      394.57      395.27     29    0.44    0.16
 2013    1   2013.0417      395.78      395.63     28    0.60    0.22
 2013    2   2013.1250      397.03      396.24     25    0.57    0.22
 2013    3   2013.2083      397.66      396.08     30    0.71    0.25
 2013    4   2013.2917      398.64      395.80     22    0.59    0.24
 2013    5   2013.3750      400.02      396.65     28    0.37    0.13
 2013    6   2013.4583      398.81      396.48     26    0.43    0.16
 2013    7   2013.5417      397.51      397.12     21    0.52    0.22
 2013    8   2013.6250      395.39      397.26     27    0.45    0.16
 2013    9   2013.7083      393.72      397.24     26    0.35    0.13
 2013   10   2013.7917      393.90      397.24     28    0.16    0.06
 2013   11   2013.8750      395.36      397.34     30    0.60    0.21
 2013   12   2013.9583      397.03      397.78     30    0.48    0.17
 2014    1   2014.0417      398.04      397.74     31    0.49    0.17
 2014    2   2014.1250      398.27      397.46     27    0.51    0.19
 2014    3   2014.2083      399.91      398.38     22    0.84    0.34
 2014    4   2014.2917      401.51      398.64     26    0.50    0.19
 2014    5   2014.3750      401.96      398.57     22    0.51    0.21
 2014    6   2014.4583      401.43      399.11     28    0.36    0.13
 2014    7   2014.5417      399.38      398.95     25    0.56    0.21
 2014    8   2014.6250      397.32      399.20     21    0.22    0.09
 2014    9   2014.7083      395.64      399.20     21    0.56    0.24
 2014   10   2014.7917      396.29      399.69     24    0.75    0.29
 2014   11   2014.8750      397.55      399.63     27    0.38    0.14
 2014   12   2014.9583      399.15      399.88     29    0.61    0.22
 2015    1   2015.0417      400.18      399.92     30    0.55    0.19
 2015    2   2015.1250      400.55      399.78     28    0.63    0.23
 2015    3   2015.2083      401.74      400.23     24    1.02    0.40
 2015    4   2015.2917      403.35      400.47     26    0.86    0.32
 2015    5   2015.3750      404.15      400.71     30    0.32    0.11
 2015    6   2015.4583      402.97      400.66     29    0.47    0.17
 2015    7   2015.5417      401.46      401.10     24    0.57    0.22
 2015    8   2015.6250      399.11      401.03     28    0.74    0.27
 2015    9   2015.7083      397.82      401.43     25    0.32    0.12
 2015   10   2015.7917      398.49      401.88     28    0.56    0.20
 2015   11   2015.8750      400.27      402.22     25    0.58    0.22
 2015   12   2015.9583      402.06      402.72     30    0.67    0.23
 2016    1   2016.0417      402.73      402.46     27    0.56    0.21
 2016    2   2016.1250      404.25      403.41     25    1.11    0.43
 2016    3   2016.2083      405.06      403.55     28    0.81    0.29
 2016    4   2016.2917      407.60      404.78     23    1.04    0.41
 2016    5   2016.3750      407.90      404.42     29    0.50    0.18
 2016    6   2016.4583      406.99      404.59     26    0.60    0.23
 2016    7   2016.5417      404.59      404.23     28    0.88    0.32
 2016    8   2016.6250      402.45      404.40     24    0.60    0.23
 2016    9   2016.7083      401.23      404.85     25    0.44    0.17
 2016   10   2016.7917      401.79      405.22     29    0.30    0.11
 2016   11   2016.8750      403.72      405.73     27    0.72    0.26
 2016   12   2016.9583      404.64      405.33     29    0.44    0.16
 2017    1   2017.0417      406.36      406.05     27    0.68    0.25
 2017    2   2017.1250      406.66      405.82     26    0.71    0.27
 2017    3   2017.2083      407.53      406.06     24    1.03    0.40
 2017    4   2017.2917      409.22      406.38     26    0.86    0.32
 2017    5   2017.3750      409.89      406.38     27    0.57    0.21
 2017    6   2017.4583      409.08      406.69     26    0.54    0.20
 2017    7   2017.5417      407.33      407.00     28    0.61    0.22
 2017    8   2017.6250      405.32      407.29     29    0.32    0.12
 2017    9   2017.7083      403.57      407.16     26    0.37    0.14
 2017   10   2017.7917      403.82      407.21     27    0.30    0.11
 2017   11   2017.8750      405.31      407.34     26    0.41    0.15
 2017   12   2017.9583      407.00      407.71     31    0.57    0.20
 2018    1   2018.0417      408.15      407.87     29    0.55    0.19
 2018    2   2018.1250      408.52      407.69     28    0.52    0.19
 2018    3   2018.2083      409.59      408.07     29    0.65    0.23
 2018    4   2018.2917      410.45      407.64     21    0.90    0.38
 2018    5   2018.3750      411.44      408.00     24    0.86    0.33
 2018    6   2018.4583      410.99      408.62     29    0.61    0.22
 2018    7   2018.5417      408.90      408.58     27    0.46    0.17
 2018    8   2018.6250      407.16      409.12     31    0.28    0.10
 2018    9   2018.7083      405.71      409.25     29    0.45    0.16
 2018   10   2018.7917      406.19      409.56     30    0.32    0.11
 2018   11   2018.8750      408.21      410.23     24    0.56    0.22
 2018   12   2018.9583      409.27      409.96     30    0.50    0.17
 2019    1   2019.0417      411.03      410.76     26    1.26    0.47
 2019    2   2019.1250      411.96      411.13     27    1.14    0.42
 2019    3   2019.2083      412.18      410.66     28    1.12    0.40
 2019    4   2019.2917      413.54      410.73     27    0.60    0.22
 2019    5   2019.3750      414.86      411.43     28    0.50    0.18
 2019    6   2019.4583      414.16      411.79     27    0.36    0.13
 2019    7   2019.5417      411.97      411.65     25    0.82    0.31
 2019    8   2019.6250      410.18      412.14     29    0.33    0.12
 2019    9   2019.7083      408.76      412.30     30    0.38    0.13
 2019   10   2019.7917      408.75      412.12     29    0.31    0.11
 2019   11   2019.8750      410.48      412.49     26    0.40    0.15
 2019   12   2019.9583      411.98      412.67     31    0.40    0.14
 2020    1   2020.0417      413.61      413.33     29    0.73    0.26
 2020    2   2020.1250      414.34      413.51     28    0.69    0.25
 2020    3   2020.2083      414.74      413.21     26    0.33    0.12
 2020    4   2020.2917      416.45      413.63     28    0.66    0.24
 2020    5   2020.3750      417.31      413.87     27    0.61    0.23
 2020    6   2020.4583      416.60      414.23     27    0.44    0.16
 2020    7   2020.5417      414.62      414.29     30    0.55    0.19
 2020    8   2020.6250      412.78      414.74     25    0.25    0.10
 2020    9   2020.7083      411.52      415.06     29    0.31    0.11
 2020   10   2020.7917      411.51      414.88     30    0.22    0.08
 2020   11   2020.8750      413.12      415.14     27    0.81    0.30
 2020   12   2020.9583      414.26      414.95     30    0.47    0.17
 2021    1   2021.0417      415.52      415.24     29    0.44    0.16
 2021    2   2021.1250      416.75      415.92     28    1.02    0.37
 2021    3   2021.2083      417.64      416.12     28    0.86    0.31
 2021    4   2021.2917      419.05      416.23     24    1.12    0.44
 2021    5   2021.3750      419.13      415.69     28    0.90    0.33
 2021    6   2021.4583      418.94      416.57     28    0.65    0.23
 2021    7   2021.5417      416.96      416.64     30    0.70    0.25
 2021    8   2021.6250      414.47      416.43     26    0.73    0.27